1249951
1262037
1241743
1261923
1261917
1261870
1261786
1261633
398455
1261545
1261461
1261367
1261084
1261071
1261049
1261015
1260807
1260768
1260672
1260628
1260595
1122058
1260436
1260253
1260047
1262067
1262068
1262040
1262063
1262062
1221187
1262022
1262046
1262050
1261215
1262043
1262042
1262039
1262038
1262035
1262034
1262028
1262027
1262023
1262021
1262016
1262014
1258939
1261531
1261588
1261881
1260531
1243985
1261768
1262011
1260918
1260655
1261230
1260738
1261385
1252831
1261307
1261635
1261952
1260798
1260796
1261625
1261293
1262006
1261965
1261333
1259104
1260418
1260873
1260730
1261040
1260420
1261394
1261358
1260968
1260851
1260667
1254764
1260529
1261914
1261147
1261925
1228106
1260364
1261611
1261743
1260821
1260354
1260671
1260709
1261975
1261561
1260347
1260607
1261684
1260384
1250113
1262010
1261322
1253630
1261835
1261859
1260475
1261292
1260606
1260820
1261655
1260870
1260742
1261146
1260843
1261916
1261736
1261376
1260723
1261232
1259393
1261471
1260487
1261343
1260869
1261687
1257671
1260996
1260757
1261800
1260523
1261016
1261900
1260499
1261032
1261125
1261365
1260939
1260715
1261756
1261100
1261935
1260898
1261353
1261797
1260428
1261476
1260452
1261148
1260626
1261983
1261941
1261728
1251239
1261121
1260932
1260330
1258702
1260728
1260369
1261860
1260632
1260988
1261697
1261586
1260478
1260395
1203263
1261511
1260864
1261580
1261048
1260451
1261167
1261308
1260413
1261656
1261944
1261031
1261646
1261092
1261557
1260457
1261555
1260732
1261602
1261241
1260443
1260965
1261675
1216054
1261647
1261025
1261445
1261209
1261608
1260536
1258736
1261730
1260895
1261446
1260989
1203384
1261135
1261643
1261618
1260471
1247136
1261382
1261074
1260787
1261864
1261963
1261658
1261765
1260901
1260856
1260849
1259295
1229873
1260407
1260793
1260676
1260722
1260845
1261415
1261971
1261875
1257265
1261439
1261387
1261708
1261423
1261836
1261213
1260473
1261082
1242501
1261798
1261300
1261098
1260815
1261355
1260415
1260891
1261178
1261562
1261347
1261113
1261957
1261217
1261652
1261908
1260675
1260886
1260917
1261218
1260227
1261534
1258002
1260934
1260533
1260789
1261201
1261184
1260569
1261198
1260414
1261553
1261640
1261745
1262008
1260654
1260791
1261676
1261475
1259069
1260507
1260598
1261861
1261954
1259685
1260374
1260442
1260484
1261085
1261434
1261968
1261907
1261120
1235358
1261273
1260526
1250571
1260444
1261116
1261909
1261205
1260780
1261487
1261889
1261980
1261945
1260327
1261536
1260504
1260530
1260885
1261408
1260421
1261339
1260771
1261839
1260424
1261985
1261304
1261183
1260915
1261202
1261626
1260794
1260624
1260343
1261078
1261950
1260896
1261567
1260333
1261165
1261027
1260486
1261441
1261291
1260888
1261661
1261137
1261398
1261734
1260546
1261427
1260542
1261400
1261901
1261076
1260435
1258061
1261162
1261866
1260462
1260448
1260749
1261042
1261878
1261224
1260512
1261038
1261119
1260946
1261455
1261769
1260623
1261252
1259477
1261573
1261513
1261187
1261000
1258375
1261558
1261747
1261565
1261011
1260631
1260756
1261903
1261868
1261886
1260446
1260711
1261699
1260998
1260714
1260753
1261390
867649
1260894
1261440
1260868
1261749
1261620
1259005
1261419
1260535
1242576
1261645
1260319
1260476
1261610
1260485
1261463
1261290
1261796
1261467
1260171
1260744
1260823
1261651
1260552
1260893
1261981
1259940
1260429
1260902
1261846
1261650
1260445
1261435
1260647
1261275
1260564
1261210
1260427
1261979
1260840
1260438
1261572
1261425
1260779
1260825
1260344
1260854
1260329
1260842
1260788
1260852
1261191
1261192
1260834
1260964
1261997
1260790
1260440
1260455
1259225
1261279
1260752
1261689
1260601
1260882
1239878
1261159
1261115
1260116
1261609
1261589
1261326
1261196
1260713
1261366
1113677
1260786
1261814
1260792
1260411
1260865
1257992
1260545
1260317
1261497
1260822
1261674
1261433
1261799
1260496
1261404
1261495
1261407
1260935
1260528
1261323
1260963
1260524
1260719
1261663
1260353
1261931
1258499
1261892
1261897
1261017
1261161
1260511
1260970
1260318
1259429
1261488
1261158
1260585
1260593
1261754
1261773
1261227
1261748
1255710
1261332
1254180
1260936
1260818
1261630
1261451
1260603
1261807
1261832
1261459
1260211
1260955
1261018
1260416
1260759
1261592
1261603
1261126
1261185
1260973
1260449
1260447
1260827
1260735
1260810
1260863
1261862
1258906
1261790
1260643
1261319
1254211
1260841
1260538
1260929
1260766
1260764
1261700
1260594
1261966
1258651
1261349
1261133
1260716
1261189
1261271
1261824
1261036
1261660
1260897
1260900
1260556
1261599
1244336
649072
1260806
1261890
1260575
1261604
1261448
1261484
1261057
1260976
1261221
1260652
1261516
1260913
1261317
1261882
1261064
1261767
1260503
1260813
1261380
1260817
1260450
1261237
1261970
1261002
1260553
1261284
1260838
1261496
1261277
1261605
1260346
1261831
1260761
1260734
1261194
1261046
1261570
1260660
1261977
1261052
1262012
1261710
1261853
1261041
1261654
1260340
1258595
1260587
1260377
1261857
1260488
1261449
1260648
1261063
1258478
1261822
1261569
1261457
1254845
1261329
1260394
1261289
1255060
1260514
1260580
1260609
1261785
1261852
1261943
1260534
1261429
1261389
1261905
1261535
1261456
1261450
1260772
1261260
1260694
1261504
1260430
1260162
1261621
1248396
1261948
1261904
1260659
1261669
1261375
1261871
1261539
1261984
1260645
1261741
1260637
1261324
1258470
1261490
1261683
1261574
1260993
1261959
1261110
1261698
1260651
1260718
1258674
1261288
1260987
1260520
1260298
1260362
1261918
1261764
1260824
1260983
1260920
1260720
1260477
1261418
1260974
1260927
1261913
1261086
1261047
1260494
1260361
1261541
1260490
1261685
1262002
1261964
1261933
1261193
1260727
1260600
1260500
1261576
1261593
1260385
1261540
1260391
1261883
1261657
1261753
1261378
1261873
1260736
1260425
1261521
1261560
1261564
1260560
1260608
1260454
1260550
1259913
399625
1258777
1261362
1260597
1260729
1258077
1260635
1260770
1261926
1260877
1261498
1260573
1261105
1261946
1203917
1260634
1260493
1261648
1260878
1261235
1260930
1261804
1261808
1259862
1259594
1261066
1260519
1260599
1261571
1261360
1261171
1261583
1260847
1022151
1261634
1260527
1261598
1261789
1253728
1260733
1260621
1260315
1260554
1260540
1261359
1261473
1260612
1261401
1260577
1260596
1261109
1261596
1261240
1233966
1261101
1261156
1260875
1257881